    40  6.400000E-05  6.400000E-05  8.250000E-06
     1 2.907886E-05 4.385815E-05 4.177080E-06   6	    2	    5	   14	   15	   21	   31	    0	    0	   39	   35	   36	   26	   30	   24
     2 4.509643E-05 4.024750E-05 4.886209E-06   6	    1	   10	   14	   25	   26	   39	    0	    0	   39	   45	   44	   55	   47	   60
     3 5.461189E-05 1.599280E-05 5.012475E-06   4	    4	   10	   11	   24	    0	    0	   49	   48	   42	   53
     4 5.336636E-05 3.659953E-06 5.129716E-06   4	    3	   20	   32	   35	    0	    0	   49	   46	   57	   58
     5 2.862357E-05 2.308768E-05 5.355583E-06   5	    1	   10	   11	   18	   22	    0	    0	   35	   43	   40	   33	   31
     6 6.752500E-06 4.808621E-05 5.411074E-06   4	   -1	    7	   15	   31	    1	    0	    6	   11	   19	   20
     7 5.021574E-06 5.750250E-05 5.576915E-06   3	   -1	    6	   28	    1	    0	    5	   11	   16
     8 1.250000E-07 2.424750E-05 5.607042E-06   3	   -1	    9	   16	    1	    0	    2	    7	   10
     9 7.004862E-06 3.207640E-05 5.764017E-06   4	    8	   16	   17	   23	    0	    0	    7	   15	   18	    8
    10 5.185165E-05 2.909775E-05 5.825231E-06   5	    2	    3	    5	   24	   36	    0	    0	   45	   48	   43	   51	   52
    11 3.485279E-05 7.624308E-06 5.830900E-06   5	    3	    5	   18	   19	   20	    0	    0	   42	   40	   37	   38	   41
    12 3.497500E-06 2.270164E-06 6.025134E-06   5	   -1	   13	   16	   27	   29	    1	    0	    1	   14	   13	    9	   72
    13 1.375705E-05 5.625000E-06 6.017065E-06   4	   12	   16	   18	   19	    0	    0	   14	   17	   27	   29
    14 3.464092E-05 5.722880E-05 6.027582E-06   3	    1	    2	   34	    0	    0	   36	   44	   34
    15 1.535199E-05 4.187048E-05 6.095188E-06   3	    1	    6	   17	    0	    0	   26	   19	   21
    16 9.173568E-06 1.800250E-05 6.174276E-06   6	    8	    9	   12	   13	   22	   29	    0	    0	   10	   15	   13	   17	   22	   12
    17 1.449750E-05 3.597109E-05 6.267614E-06   3	    9	   15	   21	    0	    0	   18	   21	   23
    18 2.647120E-05 8.374977E-06 6.267572E-06   4	    5	   11	   13	   19	    0	    0	   33	   37	   27	   32
    19 2.362493E-05 2.375000E-06 6.267614E-06   3	   11	   13	   18	    0	    0	   38	   29	   32
    20 4.437339E-05 2.844605E-06 6.455126E-06   2	    4	   11	    0	    0	   46	   41
    21 1.968375E-05 3.187551E-05 6.600480E-06   3	    1	   17	   22	    0	    0	   30	   23	   28
    22 1.949750E-05 2.544357E-05 6.699076E-06   3	    5	   16	   21	    0	    0	   31	   22	   28
    23 1.250000E-07 3.900250E-05 6.855502E-06   2	   -1	    9	    1	    0	    3	    8
    24 6.387500E-05 2.663825E-05 6.869534E-06   5	    0	    3	   10	   30	   33	    0	    1	   65	   53	   51	   63	   56
    25 6.387500E-05 5.587500E-05 6.869534E-06   3	    0	    2	   37	    0	    1	   66	   55	   54
    26 5.174750E-05 6.281437E-05 7.022945E-06   2	    2	   37	    0	    0	   47	   50
    27 1.250000E-07 1.080637E-05 7.064095E-06   3	   -1	   12	   29	    1	    0	    4	    9	   73
    28 1.356113E-05 5.767491E-05 7.099298E-06   3	    7	   31	   34	    0	    0	   16	   74	   25
    29 2.976581E-06 1.518539E-05 7.129716E-06   3	   12	   16	   27	    0	    0	   72	   12	   73
    30 6.162509E-05 3.212500E-05 7.146298E-06   2	   24	   36	    0	    0	   63	   59
    31 1.515568E-05 5.224750E-05 7.145250E-06   3	    1	    6	   28	    0	    0	   24	   20	   74
    32 6.348707E-05 1.069205E-06 7.145866E-06   2	    0	    4	    0	    1	   64	   57
    33 6.348832E-05 1.909440E-05 7.145399E-06   2	    0	   24	    0	    1	   68	   56
    34 2.210686E-05 6.312823E-05 7.247500E-06   2	   14	   28	    0	    0	   34	   25
    35 6.387500E-05 9.106563E-06 7.247500E-06   2	    0	    4	    0	    1	   67	   58
    36 5.987546E-05 3.684724E-05 7.252500E-06   4	   10	   30	   38	   40	    0	    0	   52	   59	   61	   62
    37 5.800250E-05 6.300313E-05 7.252500E-06   2	   25	   26	    0	    0	   54	   50
    38 6.373631E-05 3.991466E-05 7.252500E-06   2	    0	   36	    0	    1	   70	   61
    39 6.373526E-05 4.885640E-05 7.247500E-06   2	    0	    2	    0	    1	   71	   60
    40 6.387500E-05 3.659917E-05 7.247500E-06   2	    0	   36	    0	    1	   69	   62
