     1     -1     50 2.500000E-07 5.880267E-07 1.646251E-07 6.406250E-18 0.000000E+00
     2     -1     34 2.500000E-07 5.517352E-07 1.467502E-07 1.676562E-17 0.000000E+00
     3     -1     30 2.500000E-07 4.488158E-07 9.605851E-08 2.651562E-17 0.000000E+00
     4     -1     20 2.500000E-07 7.554586E-07 2.470915E-07 1.853125E-17 0.000000E+00
     5     -1     31 2.500000E-07 2.529472E-07 2.495528E-07 2.367187E-17 0.000000E+00
     6     -1     40 2.500000E-07 8.482101E-07 2.927751E-07 1.496875E-17 0.000000E+00
     7     -1      6 2.500000E-07 6.043823E-06 2.851808E-06 6.637500E-17 0.000000E+00
     8      6     50 5.922421E-06 9.219816E-07 3.371123E-06 1.237500E-17 0.000000E+00
     9     30     34 1.765086E-06 1.556022E-06 1.635769E-06 1.251562E-17 0.000000E+00
    10     13     20 2.214028E-06 1.103693E-06 1.634101E-06 7.065625E-17 0.000000E+00
    11     50     51 2.317340E-06 1.232980E-06 1.748665E-06 6.484375E-18 0.000000E+00
    12      5     40 3.354141E-06 1.617551E-06 2.448744E-06 1.307812E-17 0.000000E+00
    13     13     31 4.414336E-06 2.386782E-06 3.349804E-06 2.598437E-17 0.000000E+00
    14     22     30 3.218479E-06 2.376883E-06 2.755925E-06 3.125000E-17 0.000000E+00
    15      5     18 3.186616E-06 1.910152E-06 2.510349E-06 1.055000E-16 0.000000E+00
    16      6     51 2.452991E-06 1.783268E-06 2.086516E-06 5.476562E-17 0.000000E+00
    17      5     33 3.279273E-06 1.900915E-06 2.551436E-06 9.568750E-17 0.000000E+00
    18      6     22 5.083088E-06 3.473120E-06 4.214251E-06 1.221875E-16 0.000000E+00
    19     11     18 3.623705E-06 2.417599E-06 2.975568E-06 1.175937E-16 0.000000E+00
    20     10     13 3.003841E-06 3.293654E-06 3.101752E-06 1.438125E-16 0.000000E+00
    21     11     13 5.519727E-06 4.583701E-06 4.976315E-06 4.221875E-17 0.000000E+00
    22     10     22 2.996529E-06 3.522712E-06 3.210969E-06 8.990625E-17 0.000000E+00
    23     33     38 3.461680E-06 3.122961E-06 3.243181E-06 1.667187E-17 0.000000E+00
    24     11     17 4.480379E-06 2.042488E-06 3.212755E-06 1.594219E-16 0.000000E+00
    25      5     38 5.641385E-06 1.996612E-06 3.761999E-06 8.739062E-17 0.000000E+00
    26     22     36 3.958234E-06 2.460586E-06 3.161508E-06 2.509375E-17 0.000000E+00
    27     11     29 2.707347E-06 1.632383E-06 2.137479E-06 2.560937E-17 0.000000E+00
    28      6     36 6.052654E-06 2.526443E-06 4.225525E-06 4.926562E-17 0.000000E+00
    29     10     17 3.397850E-06 3.604503E-06 3.448920E-06 3.939062E-17 0.000000E+00
    30     10     46 3.517379E-06 1.843108E-06 2.640240E-06 3.782812E-17 0.000000E+00
    31     36     37 2.215654E-06 2.343859E-06 2.245730E-06 4.851562E-17 0.000000E+00
    32      6     19 7.488478E-06 4.534154E-06 5.921595E-06 3.457812E-17 0.000000E+00
    33      7     38 4.789126E-06 3.662954E-06 4.162965E-06 2.003125E-17 0.000000E+00
    34     17     24 5.184968E-06 3.094307E-06 4.077852E-06 2.304687E-17 0.000000E+00
    35      1     46 6.287555E-06 2.165231E-06 4.163313E-06 2.376562E-17 0.000000E+00
    36      7      8 4.909489E-06 3.853937E-06 4.316314E-06 7.364062E-17 0.000000E+00
    37      1     37 4.287580E-06 2.492866E-06 3.339623E-06 8.653125E-17 0.000000E+00
    38      8     24 3.976734E-06 4.270978E-06 4.062306E-06 5.332812E-17 0.000000E+00
    39      1     19 4.805898E-06 2.847441E-06 3.769555E-06 1.325625E-16 0.000000E+00
    40      4      7 4.052210E-06 2.007560E-06 2.984663E-06 2.372031E-16 0.000000E+00
    41      9     24 3.171555E-06 1.528524E-06 2.314964E-06 4.775000E-17 0.000000E+00
    42     19     23 4.116130E-06 3.035124E-06 3.522259E-06 9.443750E-17 0.000000E+00
    43      8     26 3.818771E-06 2.019319E-06 2.875477E-06 7.943750E-17 0.000000E+00
    44      4     43 3.574877E-06 2.910868E-06 3.194472E-06 1.097031E-16 0.000000E+00
    45      1      2 3.811903E-06 7.284534E-06 5.465409E-06 1.022500E-16 0.000000E+00
    46      4     26 4.129960E-06 1.311194E-06 2.679971E-06 4.014062E-17 0.000000E+00
    47      2      9 7.237385E-06 2.583116E-06 4.836963E-06 1.134531E-16 0.000000E+00
    48      9     26 4.662806E-06 2.125530E-06 3.343509E-06 2.364062E-17 0.000000E+00
    49      1     39 4.454965E-06 1.981848E-06 3.170371E-06 5.765625E-17 0.000000E+00
    50      9     32 3.313491E-06 1.633975E-06 2.436811E-06 4.985937E-17 0.000000E+00
    51     23     28 2.995817E-06 3.380950E-06 3.140796E-06 5.684375E-17 0.000000E+00
    52      2     39 3.549370E-06 3.407285E-06 3.426412E-06 1.962500E-17 0.000000E+00
    53     15     43 4.249365E-06 6.221189E-06 5.157139E-06 2.939062E-17 0.000000E+00
    54      2     16 3.721720E-06 3.942794E-06 3.775059E-06 9.879687E-17 0.000000E+00
    55      2      3 5.571338E-06 3.846450E-06 4.638612E-06 1.818594E-16 0.000000E+00
    56      3     32 3.786606E-06 4.821070E-06 4.239602E-06 6.848437E-17 0.000000E+00
    57     16     28 3.358614E-06 2.875770E-06 3.070667E-06 9.901562E-17 0.000000E+00
    58     12     47 7.069193E-06 2.367317E-06 4.647833E-06 2.404687E-17 0.000000E+00
    59     27     28 3.323205E-06 3.126163E-06 3.176555E-06 3.023437E-17 0.000000E+00
    60     15     53 3.423605E-06 2.373172E-06 2.855129E-06 1.948437E-17 0.000000E+00
    61     12     15 5.019341E-06 4.847072E-06 4.859577E-06 7.234375E-17 0.000000E+00
    62     16     54 4.196874E-06 2.166609E-06 3.134253E-06 2.026562E-17 0.000000E+00
    63     16     35 5.318583E-06 2.315695E-06 3.760166E-06 4.043750E-17 0.000000E+00
    64     15     48 5.326775E-06 1.799409E-06 3.509912E-06 4.870312E-17 0.000000E+00
    65      3     41 4.730322E-06 3.664811E-06 4.134916E-06 5.975000E-17 0.000000E+00
    66     55     56 1.005000E-06 1.245132E-06 1.108274E-06 5.609375E-18 0.000000E+00
    67     35     45 2.045873E-06 1.773501E-06 1.881184E-06 1.473437E-17 0.000000E+00
    68     44     55 2.937374E-06 1.506474E-06 2.188761E-06 2.062500E-18 0.000000E+00
    69     12     52 2.323167E-06 2.449302E-06 2.350619E-06 2.585937E-17 0.000000E+00
    70     44     56 2.404012E-06 1.268588E-06 1.808892E-06 4.625000E-18 0.000000E+00
    71     21     48 2.692112E-06 1.127814E-06 1.881456E-06 6.843750E-18 0.000000E+00
    72     25     27 3.077339E-06 4.681839E-06 3.821685E-06 2.156250E-17 0.000000E+00
    73     14     35 2.600043E-06 3.781994E-06 3.143391E-06 1.359375E-17 0.000000E+00
    74     41     49 1.682628E-06 9.868886E-07 1.314837E-06 1.206250E-17 0.000000E+00
    75     41     42 2.554619E-06 1.049040E-06 1.774936E-06 8.203125E-18 0.000000E+00
    76      0     25 2.500000E-07 2.770344E-07 2.254656E-07 4.021875E-17 0.000000E+00
    77      0     14 2.500000E-07 8.542504E-08 4.170750E-07 4.928125E-17 0.000000E+00
    78      0     42 2.500000E-07 4.204250E-07 8.207502E-08 9.437500E-18 0.000000E+00
    79      0     21 2.500000E-07 5.182487E-07 1.302568E-07 2.735937E-17 0.000000E+00
    80      0     45 2.500000E-07 2.675854E-06 1.192958E-06 2.593750E-17 0.000000E+00
    81      0     44 2.500000E-07 8.663953E-07 3.017320E-07 1.112500E-17 0.000000E+00
    82      0     49 2.500000E-07 2.861037E-07 2.163963E-07 6.031250E-18 0.000000E+00
    83     44     45 1.930258E-06 3.047743E-06 2.451852E-06 1.109375E-17 0.000000E+00
    84     12     41 2.579513E-06 3.327134E-06 2.909244E-06 6.328125E-17 0.000000E+00
    85      5     29 7.007624E-06 2.375195E-06 4.621388E-06 2.021875E-17 0.000000E+00
