    56  6.400000E-05  6.400000E-05  8.250000E-06
     1 3.021987E-05 1.774750E-05 4.125000E-06   5	    2	   19	   37	   39	   46	    0	    0	   45	   39	   37	   49	   35
     2 4.377169E-05 2.514712E-05 4.125000E-06   5	    1	    3	    9	   16	   39	    0	    0	   45	   55	   47	   54	   52
     3 5.210222E-05 3.282576E-05 3.747500E-06   3	    2	   32	   41	    0	    0	   55	   56	   65
     4 3.415878E-05 5.286170E-05 3.747500E-06   3	    7	   26	   43	    0	    0	   40	   46	   44
     5 6.880002E-06 5.412546E-05 3.747500E-06   5	   18	   29	   33	   38	   40	    0	    0	   15	   85	   17	   25	   12
     6 9.123741E-06 3.348816E-06 4.502500E-06   6	   -1	   19	   22	   36	   50	   51	    1	    0	    7	   32	   18	   28	    8	   16
     7 2.738450E-05 5.861749E-05 4.502500E-06   3	    4	    8	   38	    0	    0	   40	   36	   33
     8 2.583741E-05 4.675250E-05 3.747500E-06   3	    7	   24	   26	    0	    0	   36	   38	   43
     9 3.360780E-05 3.540467E-05 4.502500E-06   4	    2	   24	   26	   32	    0	    0	   47	   41	   48	   50
    10 1.237569E-05 2.382442E-05 3.747500E-06   4	   13	   17	   22	   46	    0	    0	   20	   29	   22	   30
    11 1.291443E-05 4.164874E-05 4.502500E-06   4	   13	   17	   18	   29	    0	    0	   21	   24	   19	   27
    12 5.666978E-05 4.329219E-05 4.502500E-06   4	   15	   41	   47	   52	    0	    0	   61	   84	   58	   69
    13 5.011005E-06 2.894084E-05 3.747500E-06   4	   10	   11	   20	   31	    0	    0	   20	   21	   10	   13
    14 6.387500E-05 1.654482E-05 3.747500E-06   2	    0	   35	    0	    1	   77	   73
    15 4.818121E-05 5.513012E-05 3.497500E-06   4	   12	   43	   48	   53	    0	    0	   61	   53	   64	   60
    16 4.887966E-05 1.537057E-05 3.497500E-06   4	    2	   28	   35	   54	    0	    0	   54	   57	   63	   62
    17 1.573359E-05 3.326238E-05 3.742494E-06   3	   10	   11	   24	    0	    0	   29	   24	   34
    18 5.625182E-06 4.665802E-05 3.497500E-06   2	    5	   11	    0	    0	   15	   19
    19 2.637519E-05 7.171196E-06 3.497500E-06   3	    1	    6	   23	    0	    0	   39	   32	   42
    20 1.250000E-07 2.818183E-05 3.497500E-06   2	   -1	   13	    1	    0	    4	   10
    21 6.372248E-05 5.662099E-05 3.744191E-06   2	    0	   48	    0	    1	   79	   71
    22 8.625661E-06 1.548285E-05 4.625000E-06   4	    6	   10	   30	   36	    0	    0	   18	   22	   14	   26
    23 3.638034E-05 3.969259E-06 4.625000E-06   2	   19	   28	    0	    0	   42	   51
    24 2.758152E-05 3.539005E-05 3.497500E-06   3	    8	    9	   17	    0	    0	   38	   41	   34
    25 6.349276E-05 8.409719E-06 3.625000E-06   2	    0	   27	    0	    1	   76	   72
    26 3.414512E-05 4.494710E-05 3.497500E-06   3	    4	    8	    9	    0	    0	   46	   43	   48
    27 5.387362E-05 2.766244E-06 4.625000E-06   2	   25	   28	    0	    0	   72	   59
    28 4.530686E-05 6.882594E-06 3.497500E-06   3	   16	   23	   27	    0	    0	   57	   51	   59
    29 1.512496E-05 4.741791E-05 3.497500E-06   2	    5	   11	    0	    0	   85	   27
    30 7.924468E-07 1.693200E-05 3.497500E-06   3	   -1	   22	   34	    1	    0	    3	   14	    9
    31 1.250000E-07 3.750250E-05 3.497500E-06   2	   -1	   13	    1	    0	    5	   13
    32 4.068600E-05 3.683860E-05 3.625000E-06   2	    3	    9	    0	    0	   56	   50
    33 6.327511E-06 6.182749E-05 3.497500E-06   2	    5	   38	    0	    0	   17	   23
    34 8.568619E-07 1.212501E-05 3.497500E-06   2	   -1	   30	    1	    0	    2	    9
    35 5.661367E-05 2.239124E-05 3.247500E-06   3	   14	   16	   45	    0	    0	   73	   63	   67
    36 1.562384E-05 1.364100E-05 5.002500E-06   3	    6	   22	   37	    0	    0	   28	   26	   31
    37 2.158530E-05 1.274750E-05 4.752500E-06   2	    1	   36	    0	    0	   37	   31
    38 1.570035E-05 6.118537E-05 3.497500E-06   3	    5	    7	   33	    0	    0	   25	   33	   23
    39 3.912504E-05 1.774750E-05 3.497500E-06   2	    1	    2	    0	    0	   49	   52
    40 2.912796E-07 5.686833E-05 4.752500E-06   2	   -1	    5	    1	    0	    6	   12
    41 6.163356E-05 3.674750E-05 3.247500E-06   4	    3	   12	   42	   49	    0	    0	   65	   84	   75	   74
    42 6.387500E-05 4.154330E-05 3.247500E-06   2	    0	   41	    0	    1	   78	   75
    43 3.499750E-05 6.197419E-05 5.002500E-06   2	    4	   15	    0	    0	   44	   53
    44 6.324187E-05 2.986639E-05 5.002500E-06   4	    0	   45	   55	   56	    0	    1	   81	   83	   68	   70
    45 6.099750E-05 2.413331E-05 5.002500E-06   3	    0	   35	   44	    0	    1	   80	   67	   83
    46 2.024750E-05 2.362516E-05 5.002500E-06   2	    1	   10	    0	    0	   35	   30
    47 4.300250E-05 4.533805E-05 3.375000E-06   1	   12	    0	    0	   58
    48 5.825250E-05 5.562506E-05 5.002500E-06   2	   15	   21	    0	    0	   64	   71
    49 6.346866E-05 3.322120E-05 3.247500E-06   2	    0	   41	    0	    1	   82	   74
    50 1.250000E-07 6.789338E-07 2.997500E-06   3	   -1	    6	   51	    1	    0	    1	    8	   11
    51 4.569901E-06 6.383736E-07 5.002500E-06   2	    6	   50	    0	    0	   16	   11
    52 6.087505E-05 4.724750E-05 3.247500E-06   1	   12	    0	    0	   69
    53 5.524750E-05 6.000250E-05 2.997500E-06   1	   15	    0	    0	   60
    54 5.537574E-05 1.074750E-05 2.997500E-06   1	   16	    0	    0	   62
    55 5.662733E-05 2.955748E-05 5.125000E-06   2	   44	   56	    0	    0	   68	   66
    56 5.837500E-05 2.949750E-05 2.997500E-06   2	   44	   55	    0	    0	   70	   66
