    50  6.400000E-05  6.400000E-05  8.250000E-06
     1 2.937258E-05 1.237160E-05 4.125000E-06   5	    4	   26	   37	   46	   48	    0	    0	   22	   27	   20	   23	   32
     2 5.180338E-05 3.618060E-05 3.997500E-06   5	   12	   15	   18	   19	   32	    0	    0	   58	   62	   63	   47	   41
     3 1.250000E-07 2.449750E-05 4.125000E-06   2	   -1	   31	    1	    0	    2	   11
     4 1.375250E-05 2.801116E-06 3.497500E-06   2	    1	   11	    0	    0	   22	    8
     5 6.208177E-06 4.335138E-05 3.747500E-06   3	    8	   28	   29	    0	    0	   17	    6	    7
     6 4.801355E-05 1.412511E-05 4.502500E-06   3	   12	   23	   27	    0	    0	   51	   59	   57
     7 5.217123E-05 5.632869E-05 4.375000E-06   5	    9	   14	   33	   39	   40	    0	    0	   42	   64	   61	   55	   53
     8 2.475250E-05 3.787399E-05 3.497500E-06   5	    5	    9	   31	   36	   38	    0	    0	   17	   26	   16	   28	   24
     9 3.769659E-05 5.440954E-05 4.502500E-06   3	    7	    8	   35	    0	    0	   42	   26	   29
    10 6.387500E-05 2.364255E-05 4.502500E-06   2	    0	   15	    0	    1	   72	   67
    11 1.250000E-07 1.273680E-05 3.747500E-06   3	   -1	    4	   34	    1	    0	    1	    8	   10
    12 4.862500E-05 2.504036E-05 3.497500E-06   3	    2	    6	   19	    0	    0	   58	   51	   48
    13 5.120019E-06 5.680279E-05 3.497500E-06   2	   21	   25	    0	    0	    9	   13
    14 6.372879E-05 6.039049E-05 3.625000E-06   2	    0	    7	    0	    1	   75	   64
    15 6.387500E-05 2.962500E-05 3.497500E-06   3	    0	    2	   10	    0	    1	   73	   62	   67
    16 6.262909E-05 4.732595E-05 4.625000E-06   3	    0	   18	   33	    0	    1	   74	   69	   66
    17 2.625250E-05 6.242069E-05 3.497500E-06   2	   45	   47	    0	    0	   25	   30
    18 6.062733E-05 4.015712E-05 3.625000E-06   2	    2	   16	    0	    0	   63	   69
    19 4.441301E-05 2.799750E-05 3.375000E-06   3	    2	   12	   36	    0	    0	   47	   48	   36
    20 6.325250E-05 8.816608E-06 3.497500E-06   2	    0	   24	    0	    1	   71	   65
    21 1.250000E-07 5.716199E-05 3.625000E-06   2	   -1	   13	    1	    0	    5	    9
    22 6.387500E-05 1.391506E-06 5.002500E-06   2	    0	   24	    0	    1	   70	   68
    23 6.074750E-05 1.549750E-05 4.752500E-06   2	    0	    6	    0	    1	   76	   59
    24 5.725250E-05 1.079356E-06 4.752500E-06   5	   20	   22	   27	   41	   42	    0	    0	   65	   68	   60	   54	   56
    25 1.712491E-05 4.999750E-05 4.625000E-06   3	   13	   38	   45	    0	    0	   13	   21	   19
    26 3.466711E-05 2.487519E-05 3.497500E-06   2	    1	   36	    0	    0	   27	   31
    27 5.254012E-05 4.118340E-06 3.497500E-06   2	    6	   24	    0	    0	   57	   60
    28 2.936502E-07 4.365574E-05 4.752500E-06   2	   -1	    5	    1	    0	    3	    6
    29 2.635319E-07 4.737505E-05 4.752500E-06   2	   -1	    5	    1	    0	    4	    7
    30 1.313356E-05 1.750250E-05 5.002500E-06   4	   31	   34	   37	   46	    0	    0	   14	   12	   15	   18
    31 1.212602E-05 2.487503E-05 5.002500E-06   3	    3	    8	   30	    0	    0	   11	   16	   14
    32 3.924750E-05 3.615690E-05 3.247500E-06   3	    2	   35	   36	    0	    0	   41	   33	   35
    33 5.824750E-05 5.066434E-05 3.247500E-06   2	    7	   16	    0	    0	   61	   66
    34 6.497500E-06 1.637513E-05 5.002500E-06   2	   11	   30	    0	    0	   10	   12
    35 3.362490E-05 4.262529E-05 5.002500E-06   2	    9	   32	    0	    0	   29	   33
    36 3.471259E-05 3.168301E-05 4.875000E-06   4	    8	   19	   26	   32	    0	    0	   28	   36	   31	   35
    37 1.687500E-05 1.437500E-05 2.997500E-06   2	    1	   30	    0	    0	   20	   15
    38 2.162555E-05 4.474750E-05 2.997500E-06   2	    8	   25	    0	    0	   24	   21
    39 4.750250E-05 6.080723E-05 3.125000E-06   3	    7	   40	   44	    0	    0	   55	   52	   45
    40 4.750250E-05 6.080723E-05 5.125000E-06   4	    7	   39	   43	   44	    0	    0	   53	   52	   44	   46
    41 4.699750E-05 3.192827E-06 3.125000E-06   3	   24	   42	   49	    0	    0	   54	   50	   43
    42 4.800250E-05 2.807173E-06 5.125000E-06   3	   24	   41	   49	    0	    0	   56	   50	   49
    43 4.225250E-05 6.255717E-05 5.125000E-06   3	   40	   44	   50	    0	    0	   44	   40	   37
    44 4.225250E-05 6.255717E-05 3.125000E-06   4	   39	   40	   43	   50	    0	    0	   45	   46	   40	   39
    45 2.124750E-05 5.500250E-05 2.997500E-06   2	   17	   25	    0	    0	   25	   19
    46 1.975250E-05 2.419318E-05 2.997500E-06   2	    1	   30	    0	    0	   23	   18
    47 3.449750E-05 6.299750E-05 3.125000E-06   2	   17	   50	    0	    0	   30	   34
    48 3.824750E-05 5.157657E-06 2.997500E-06   2	    1	   49	    0	    0	   32	   38
    49 4.224750E-05 3.997500E-06 2.997500E-06   3	   41	   42	   48	    0	    0	   43	   49	   38
    50 3.862500E-05 6.274750E-05 2.997500E-06   3	   43	   44	   47	    0	    0	   37	   39	   34
