     1     -1     29 2.500000E-07 7.554250E-07 2.470750E-07 1.718750E-17 0.000000E+00
     2     -1     30 2.500000E-07 4.204250E-07 8.207502E-08 1.793750E-17 0.000000E+00
     3     -1     26 2.500000E-07 5.879250E-07 1.645750E-07 2.276562E-17 0.000000E+00
     4     -1     31 2.500000E-07 6.764215E-07 2.081628E-07 1.959375E-17 0.000000E+00
     5     -1     19 2.500000E-07 2.529444E-07 2.495556E-07 2.570312E-17 0.000000E+00
     6     -1     46 2.500000E-07 2.522414E-07 2.502586E-07 9.218750E-19 0.000000E+00
     7     -1     47 2.500000E-07 2.522414E-07 2.502586E-07 1.609375E-18 0.000000E+00
     8     46     47 3.350000E-07 1.005000E-06 6.600000E-07 4.781250E-18 0.000000E+00
     9     30     42 2.078423E-06 1.839371E-06 1.929660E-06 1.651563E-17 0.000000E+00
    10      5     26 3.295805E-06 2.429734E-06 2.820041E-06 2.257812E-17 0.000000E+00
    11     19     23 2.270578E-06 1.659563E-06 1.935741E-06 2.434375E-17 0.000000E+00
    12     12     29 6.305074E-06 2.002843E-06 4.091959E-06 1.942187E-17 0.000000E+00
    13     31     34 2.501666E-06 1.978574E-06 2.206685E-06 9.468750E-18 0.000000E+00
    14     47     50 1.932141E-06 2.781117E-06 2.321456E-06 5.656250E-18 0.000000E+00
    15     46     50 2.433771E-06 2.646406E-06 2.502177E-06 7.109375E-18 0.000000E+00
    16     23     34 4.534489E-06 1.472220E-06 2.958529E-06 5.523437E-17 0.000000E+00
    17      2     23 3.506984E-06 1.925905E-06 2.675901E-06 9.001562E-17 0.000000E+00
    18     32     34 2.167772E-06 1.836634E-06 1.972320E-06 4.987500E-17 0.000000E+00
    19     24     42 3.239522E-06 2.155500E-06 2.657250E-06 4.807812E-17 0.000000E+00
    20      5     32 2.350276E-06 3.246190E-06 2.756468E-06 8.043750E-17 0.000000E+00
    21     21     23 2.217477E-06 2.610774E-06 2.378094E-06 6.740625E-17 0.000000E+00
    22      2     21 2.474809E-06 3.082894E-06 2.737376E-06 8.014062E-17 0.000000E+00
    23      2     50 4.412292E-06 1.872869E-06 3.095676E-06 2.175000E-17 0.000000E+00
    24     21     32 5.082774E-06 2.525802E-06 3.747508E-06 8.571875E-17 0.000000E+00
    25     12     24 2.920813E-06 3.861056E-06 3.340324E-06 9.560937E-17 0.000000E+00
    26      5     24 7.271906E-06 2.274898E-06 4.702157E-06 9.495312E-17 0.000000E+00
    27      5     18 4.374715E-06 3.985057E-06 4.117500E-06 6.148438E-17 0.000000E+00
    28     18     32 2.566393E-06 2.500633E-06 2.495699E-06 4.559375E-17 0.000000E+00
    29      2     44 5.357899E-06 5.812641E-06 5.501908E-06 2.185937E-17 0.000000E+00
    30      5     17 6.889385E-06 4.506421E-06 5.612860E-06 7.065625E-17 0.000000E+00
    31     24     49 3.721009E-06 2.366652E-06 2.998400E-06 6.546875E-18 0.000000E+00
    32     24     48 4.087490E-06 2.097844E-06 3.046508E-06 6.265625E-18 0.000000E+00
    33     17     18 3.355076E-06 2.494451E-06 2.881110E-06 7.460937E-17 0.000000E+00
    34     48     49 7.619625E-07 1.014636E-06 8.750412E-07 1.081250E-17 0.000000E+00
    35     13     18 2.544964E-06 1.706700E-06 2.094103E-06 1.163437E-16 0.000000E+00
    36     43     44 2.973413E-06 3.709891E-06 3.291777E-06 1.470312E-17 0.000000E+00
    37      7     12 8.033304E-06 7.037198E-06 7.422785E-06 3.295312E-17 0.000000E+00
    38      7     48 7.543391E-06 1.464228E-06 4.436589E-06 1.364062E-17 0.000000E+00
    39      7     49 7.128152E-06 1.834820E-06 4.414598E-06 6.109375E-18 0.000000E+00
    40     17     45 3.140176E-06 7.505872E-07 1.916346E-06 2.264062E-17 0.000000E+00
    41     10     45 4.969999E-06 1.762413E-06 3.315964E-06 2.084375E-17 0.000000E+00
    42      6     13 4.162952E-06 3.897180E-06 3.969916E-06 9.967187E-17 0.000000E+00
    43      3     44 4.109243E-06 1.924222E-06 2.971707E-06 6.506250E-17 0.000000E+00
    44      4     13 4.606085E-06 3.086723E-06 3.788995E-06 5.945313E-17 0.000000E+00
    45     41     43 2.264369E-06 2.207974E-06 2.202796E-06 3.917187E-17 0.000000E+00
    46      3      6 4.338913E-06 5.374868E-06 4.784399E-06 9.164062E-17 0.000000E+00
    47     17     36 4.372233E-06 1.805711E-06 3.042868E-06 5.270312E-17 0.000000E+00
    48      4     36 4.871004E-06 1.802684E-06 3.287040E-06 6.268750E-17 0.000000E+00
    49     10     36 4.419742E-06 1.933775E-06 3.129344E-06 8.718750E-17 0.000000E+00
    50      4      6 2.502739E-06 2.318117E-06 2.374452E-06 1.702812E-16 0.000000E+00
    51      7     10 3.393188E-06 3.965239E-06 3.624300E-06 1.624844E-16 0.000000E+00
    52     40     41 2.635085E-06 2.612313E-06 2.584539E-06 1.053125E-17 0.000000E+00
    53     10     35 4.874168E-06 4.222311E-06 4.480355E-06 6.403125E-17 0.000000E+00
    54      4      9 3.936140E-06 3.664424E-06 3.743561E-06 6.098437E-17 0.000000E+00
    55      7     27 6.377925E-06 3.520097E-06 4.875145E-06 9.323437E-17 0.000000E+00
    56      3     53 6.553436E-06 2.042284E-06 4.233713E-06 1.576562E-17 0.000000E+00
    57     40     51 2.975207E-06 1.173082E-06 2.043187E-06 1.410937E-17 0.000000E+00
    58      9     35 4.892888E-06 2.552924E-06 3.667340E-06 8.823437E-17 0.000000E+00
    59      9     11 2.405303E-06 1.854933E-06 2.098325E-06 1.340000E-16 0.000000E+00
    60     52     53 1.242207E-06 1.529816E-06 1.365325E-06 1.220312E-17 0.000000E+00
    61     11     39 3.558302E-06 1.894435E-06 2.685676E-06 6.273437E-17 0.000000E+00
    62      8     51 6.297287E-06 2.428889E-06 4.297967E-06 7.296875E-18 0.000000E+00
    63     15     27 3.757939E-06 4.506813E-06 4.070699E-06 1.039844E-16 0.000000E+00
    64      1     27 4.248831E-06 2.056791E-06 3.105754E-06 1.171719E-16 0.000000E+00
    65      9     14 4.225549E-06 3.887908E-06 3.996180E-06 3.584375E-17 0.000000E+00
    66     20     39 2.818546E-06 2.784419E-06 2.759669E-06 5.443750E-17 0.000000E+00
    67      8     52 4.498758E-06 2.045040E-06 3.223065E-06 1.354687E-17 0.000000E+00
    68     11     28 2.851936E-06 4.652806E-06 3.696366E-06 5.029687E-17 0.000000E+00
    69      8     20 2.818976E-06 2.708291E-06 2.722385E-06 8.460937E-17 0.000000E+00
    70     20     28 3.078182E-06 1.552530E-06 2.280799E-06 8.321875E-17 0.000000E+00
    71      1     15 3.989887E-06 4.884642E-06 4.371037E-06 1.211250E-16 0.000000E+00
    72     14     37 3.303198E-06 1.915710E-06 2.570507E-06 7.184375E-17 0.000000E+00
    73     14     33 5.943701E-06 3.326277E-06 4.565810E-06 2.004687E-17 0.000000E+00
    74     22     28 3.179221E-06 2.807439E-06 2.948653E-06 3.665625E-17 0.000000E+00
    75      1     25 3.625133E-06 2.313744E-06 2.925118E-06 2.096875E-17 0.000000E+00
    76     15     38 5.264300E-06 1.611923E-06 3.386796E-06 7.453125E-17 0.000000E+00
    77     16     37 2.775935E-06 1.339132E-06 2.026824E-06 1.996875E-17 0.000000E+00
    78     33     38 3.020363E-06 2.973931E-06 2.952413E-06 1.259375E-17 0.000000E+00
    79      0     25 2.500000E-07 1.675000E-07 3.350000E-07 2.084375E-17 0.000000E+00
    80      0     33 2.500000E-07 6.392669E-07 1.898628E-07 2.926562E-17 0.000000E+00
    81      0     16 2.500000E-07 4.204250E-07 8.207502E-08 4.420312E-17 0.000000E+00
    82      0     22 2.500000E-07 0.000000E+00 5.025000E-07 2.914062E-17 0.000000E+00
    83      0     38 2.500000E-07 1.507917E-06 6.177056E-07 5.031250E-18 0.000000E+00
    84      0      8 2.500000E-07 5.640500E-06 2.653157E-06 4.718750E-18 0.000000E+00
