    53  6.400000E-05  6.400000E-05  8.250000E-06
     1 5.508798E-05 4.032289E-06 4.125000E-06   3	   15	   25	   27	    0	    0	   71	   75	   64
     2 1.010997E-05 5.311889E-05 3.747500E-06   4	   21	   23	   44	   50	    0	    0	   22	   17	   29	   23
     3 3.199750E-05 5.237213E-05 3.747500E-06   3	    6	   44	   53	    0	    0	   46	   43	   56
     4 3.250250E-05 3.524750E-05 3.741999E-06   4	    6	    9	   13	   36	    0	    0	   50	   54	   44	   48
     5 7.591111E-06 2.765601E-05 4.502500E-06   5	   17	   18	   24	   26	   32	    0	    0	   30	   27	   26	   10	   20
     6 3.200250E-05 4.227621E-05 4.502500E-06   3	    3	    4	   13	    0	    0	   46	   50	   42
     7 3.257003E-05 6.389198E-06 4.502500E-06   5	   10	   12	   27	   48	   49	    0	    0	   51	   37	   55	   38	   39
     8 5.550250E-05 6.150250E-05 3.497500E-06   4	    0	   20	   51	   52	    0	    1	   84	   69	   62	   67
     9 4.329613E-05 3.749750E-05 3.747500E-06   4	    4	   11	   14	   35	    0	    0	   54	   59	   65	   58
    10 3.212192E-05 1.712494E-05 3.497500E-06   4	    7	   35	   36	   45	    0	    0	   51	   53	   49	   41
    11 4.589238E-05 4.299750E-05 4.502500E-06   3	    9	   28	   39	    0	    0	   59	   68	   61
    12 1.190678E-05 5.601098E-06 3.625000E-06   3	    7	   24	   29	    0	    0	   37	   25	   12
    13 2.149750E-05 3.757742E-05 4.505737E-06   3	    4	    6	   18	    0	    0	   44	   42	   35
    14 5.392211E-05 3.257930E-05 3.747500E-06   3	    9	   33	   37	    0	    0	   65	   73	   72
    15 5.325250E-05 1.657577E-05 3.625000E-06   3	    1	   27	   38	    0	    0	   71	   63	   76
    16 6.387500E-05 3.137500E-05 4.502500E-06   2	    0	   37	    0	    1	   81	   77
    17 2.169791E-05 2.599750E-05 4.505267E-06   4	    5	   18	   36	   45	    0	    0	   30	   33	   47	   40
    18 1.742213E-05 3.307855E-05 3.625000E-06   4	    5	   13	   17	   32	    0	    0	   27	   35	   33	   28
    19 1.250000E-07 4.581646E-05 3.497500E-06   2	   -1	   23	    1	    0	    5	   11
    20 5.311890E-05 5.371798E-05 4.625000E-06   3	    8	   28	   39	    0	    0	   69	   70	   66
    21 1.180476E-05 4.558106E-05 3.497500E-06   3	    2	   23	   32	    0	    0	   22	   21	   24
    22 6.387500E-05 4.710456E-05 3.497500E-06   2	    0	   28	    0	    1	   82	   74
    23 5.288922E-06 4.737500E-05 4.625000E-06   4	    2	   19	   21	   34	    0	    0	   17	   11	   21	   16
    24 1.228877E-05 1.549750E-05 4.625000E-06   5	    5	   12	   42	   48	   49	    0	    0	   26	   25	   19	   32	   31
    25 6.387500E-05 3.624915E-06 4.625000E-06   2	    0	    1	    0	    1	   79	   75
    26 1.250000E-07 3.149750E-05 3.497500E-06   2	   -1	    5	    1	    0	    3	   10
    27 4.650250E-05 7.497500E-06 3.497500E-06   3	    1	    7	   15	    0	    0	   64	   55	   63
    28 5.552196E-05 4.739994E-05 3.497500E-06   3	   11	   20	   22	    0	    0	   68	   70	   74
    29 1.250000E-07 5.804451E-06 3.497500E-06   2	   -1	   12	    1	    0	    1	   12
    30 1.250000E-07 1.877404E-05 3.497500E-06   2	   -1	   42	    1	    0	    2	    9
    31 2.636748E-07 3.613052E-05 4.625000E-06   2	   -1	   34	    1	    0	    4	   13
    32 1.025250E-05 3.539270E-05 3.497500E-06   4	    5	   18	   21	   34	    0	    0	   20	   28	   24	   18
    33 6.350250E-05 2.576667E-05 3.497500E-06   3	    0	   14	   38	    0	    1	   80	   73	   78
    34 5.550521E-06 3.843708E-05 4.752500E-06   3	   23	   31	   32	    0	    0	   16	   13	   18
    35 4.187509E-05 2.649750E-05 3.625000E-06   2	    9	   10	    0	    0	   58	   53
    36 3.081429E-05 2.587512E-05 3.497500E-06   3	    4	   10	   17	    0	    0	   48	   49	   47
    37 6.025250E-05 3.600250E-05 5.002500E-06   2	   14	   16	    0	    0	   72	   77
    38 6.213356E-05 1.750250E-05 3.247500E-06   3	    0	   15	   33	    0	    1	   83	   76	   78
    39 4.562501E-05 5.087476E-05 3.247500E-06   2	   11	   20	    0	    0	   61	   66
    40 3.700250E-05 6.292638E-05 5.002500E-06   2	   41	   51	    0	    0	   52	   57
    41 2.939261E-05 6.312831E-05 3.247500E-06   2	   40	   43	    0	    0	   52	   45
    42 4.875000E-06 1.612518E-05 5.002500E-06   2	   24	   30	    0	    0	   19	    9
    43 2.350250E-05 6.113358E-05 5.002500E-06   2	   41	   44	    0	    0	   45	   36
    44 2.375250E-05 5.433557E-05 5.002500E-06   3	    2	    3	   43	    0	    0	   29	   43	   36
    45 2.437494E-05 2.174750E-05 4.625000E-06   2	   10	   17	    0	    0	   41	   40
    46 4.975000E-07 6.105709E-05 3.125000E-06   3	   -1	   47	   50	    1	    0	    6	    8	   15
    47 4.975000E-07 6.105709E-05 5.125000E-06   3	   -1	   46	   50	    1	    0	    7	    8	   14
    48 2.000250E-05 1.075250E-05 3.125000E-06   3	    7	   24	   49	    0	    0	   38	   32	   34
    49 2.000250E-05 1.075250E-05 5.125000E-06   3	    7	   24	   48	    0	    0	   39	   31	   34
    50 7.502500E-06 6.080717E-05 5.125000E-06   3	    2	   46	   47	    0	    0	   23	   15	   14
    51 4.250250E-05 6.155712E-05 2.997500E-06   2	    8	   40	    0	    0	   62	   57
    52 4.624750E-05 5.955697E-05 2.997500E-06   2	    8	   53	    0	    0	   67	   60
    53 4.237499E-05 5.812452E-05 2.997500E-06   2	    3	   52	    0	    0	   56	   60
