    30  6.400000E-05  6.400000E-05  8.250000E-06
     1 1.486342E-05 4.394485E-05 4.403503E-06   5	    2	   11	   12	   21	   29	    0	    0	   18	   14	   15	    9	   21
     2 3.087505E-05 5.462500E-05 4.579089E-06   2	    1	    5	    0	    0	   18	   27
     3 4.861854E-05 3.492524E-05 4.577799E-06   4	    5	    8	   16	   19	    0	    0	   48	   33	   28	   38
     4 2.515818E-05 2.753869E-05 4.850060E-06   4	   10	   12	   14	   15	    0	    0	   20	   19	   25	   24
     5 5.037494E-05 5.553552E-05 5.041147E-06   4	    2	    3	   26	   27	    0	    0	   27	   48	   35	   37
     6 9.378962E-06 1.341457E-05 5.174541E-06   4	   -1	   10	   12	   13	    1	    0	    3	   16	   13	   10
     7 5.200250E-05 6.118715E-06 5.325447E-06   3	   17	   22	   28	    0	    0	   34	   41	   32
     8 5.149750E-05 2.553122E-05 5.330341E-06   3	    3	    9	   14	    0	    0	   33	   39	   30
     9 6.387500E-05 2.400250E-05 5.410572E-06   3	    0	    8	   30	    0	    1	   44	   39	   43
    10 1.999750E-05 8.497500E-06 5.806500E-06   4	    4	    6	   15	   18	    0	    0	   20	   16	   23	   17
    11 6.997500E-06 5.787500E-05 5.805879E-06   2	    1	   25	    0	    0	   14	    8
    12 1.318732E-05 2.886039E-05 5.859597E-06   4	    1	    4	    6	   20	    0	    0	   15	   19	   13	   11
    13 6.413739E-06 3.736960E-06 5.879933E-06   3	   -1	    6	   18	    1	    0	    6	   10	   12
    14 3.909388E-05 2.261610E-05 5.880021E-06   4	    4	    8	   16	   17	    0	    0	   25	   30	   26	   31
    15 3.446694E-05 4.175119E-06 6.005313E-06   3	    4	   10	   28	    0	    0	   24	   23	   29
    16 3.474750E-05 3.498883E-05 6.026040E-06   3	    3	   14	   29	    0	    0	   28	   26	   22
    17 5.240289E-05 1.450600E-05 6.027354E-06   3	    7	   14	   30	    0	    0	   34	   31	   36
    18 1.399750E-05 2.149568E-06 5.994027E-06   2	   10	   13	    0	    0	   17	   12
    19 6.387500E-05 4.669185E-05 6.137062E-06   3	    0	    3	   26	    0	    1	   45	   38	   40
    20 5.125000E-06 2.836994E-05 6.578712E-06   3	   -1	   12	   23	    1	    0	    4	   11	    7
    21 5.025000E-07 4.224750E-05 6.598546E-06   2	   -1	    1	    1	    0	    1	    9
    22 6.387500E-05 6.093768E-06 6.709750E-06   2	    0	    7	    0	    1	   46	   41
    23 6.871424E-07 2.281124E-05 6.833834E-06   2	   -1	   20	    1	    0	    2	    7
    24 6.387500E-05 5.500250E-05 6.869534E-06   2	    0	   27	    0	    1	   47	   42
    25 1.017358E-06 5.837587E-05 7.064514E-06   2	   -1	   11	    1	    0	    5	    8
    26 5.662500E-05 4.887500E-05 6.997500E-06   2	    5	   19	    0	    0	   35	   40
    27 5.900250E-05 5.800250E-05 7.875000E-06   2	    5	   24	    0	    0	   37	   42
    28 4.350250E-05 2.997500E-06 7.875000E-06   2	    7	   15	    0	    0	   32	   29
    29 2.512500E-05 3.937500E-05 7.125000E-06   2	    1	   16	    0	    0	   21	   22
    30 5.955679E-05 1.874750E-05 6.997500E-06   2	    9	   17	    0	    0	   43	   36
