    41  6.400000E-05  6.400000E-05  8.250000E-06
     1 4.974750E-05 1.550250E-05 4.125000E-06   6	    2	    4	   17	   22	   25	   32	    0	    0	   40	   53	   45	   48	   52	   57
     2 3.187500E-05 1.550250E-05 4.125000E-06   7	    1	   10	   16	   17	   22	   24	   28	    0	    0	   40	   29	   34	   36	   39	   31	   25
     3 5.183696E-05 4.285488E-05 4.125000E-06   6	    4	    6	    7	   20	   21	   31	    0	    0	   51	   50	   44	   59	   46	   58
     4 5.133460E-05 3.374170E-05 3.997500E-06   5	    1	    3	   21	   22	   37	    0	    0	   53	   51	   47	   49	   56
     5 8.921793E-06 5.411667E-05 4.125000E-06   7	   -1	    7	    8	   13	   27	   35	   36	    1	    0	    4	   24	   19	   14	    9	   13	   20
     6 4.959949E-05 5.487341E-05 4.125000E-06   5	    3	    7	   20	   33	   38	    0	    0	   50	   42	   55	   54	   41
     7 3.348607E-05 4.278130E-05 3.997500E-06   5	    3	    5	    6	   16	   23	    0	    0	   44	   24	   42	   33	   30
     8 1.362503E-05 3.500250E-05 4.502500E-06   3	    5	   12	   13	    0	    0	   19	   18	   15
     9 1.385189E-05 1.267394E-05 3.747500E-06   4	   10	   11	   12	   28	    0	    0	   21	   17	   16	   23
    10 2.438148E-05 2.543262E-05 3.747500E-06   3	    2	    9	   16	    0	    0	   29	   21	   27
    11 8.079475E-06 2.595337E-06 3.747500E-06   2	    9	   40	    0	    0	   17	    8
    12 9.562661E-06 2.587500E-05 3.875000E-06   3	    8	    9	   18	    0	    0	   18	   16	   12
    13 7.833314E-06 3.864850E-05 3.747500E-06   4	    5	    8	   19	   26	    0	    0	   14	   15	   10	   11
    14 2.737506E-05 6.159369E-05 4.502500E-06   3	   23	   34	   41	    0	    0	   28	   37	   26
    15 6.387500E-05 8.247500E-06 4.502500E-06   2	    0	   25	    0	    1	   63	   60
    16 3.138528E-05 3.413019E-05 3.625000E-06   4	    2	    7	   10	   21	    0	    0	   34	   33	   27	   38
    17 3.589247E-05 2.828655E-06 3.747500E-06   3	    1	    2	   24	    0	    0	   45	   36	   32
    18 1.250000E-07 2.370030E-05 4.502500E-06   3	   -1	   12	   26	    1	    0	    1	   12	    7
    19 1.250000E-07 3.887500E-05 3.497500E-06   2	   -1	   13	    1	    0	    3	   10
    20 6.387500E-05 5.241505E-05 4.125000E-06   3	    0	    3	    6	    0	    1	   65	   59	   55
    21 4.274750E-05 3.475250E-05 3.497500E-06   4	    3	    4	   16	   22	    0	    0	   46	   47	   38	   43
    22 4.585342E-05 2.532822E-05 4.625000E-06   4	    1	    2	    4	   21	    0	    0	   48	   39	   49	   43
    23 3.049750E-05 5.349750E-05 5.002500E-06   3	    7	   14	   38	    0	    0	   30	   28	   35
    24 2.774750E-05 1.630227E-06 3.497500E-06   2	    2	   17	    0	    0	   31	   32
    25 5.675250E-05 1.329984E-06 4.625000E-06   2	    1	   15	    0	    0	   52	   60
    26 1.250000E-07 3.437495E-05 3.625000E-06   3	   -1	   13	   18	    1	    0	    2	   11	    7
    27 1.250000E-07 5.988833E-05 4.125000E-06   2	   -1	    5	    1	    0	    5	    9
    28 2.285756E-05 1.512499E-05 3.247500E-06   2	    2	    9	    0	    0	   25	   23
    29 6.387500E-05 5.912500E-05 3.497500E-06   2	    0	   33	    0	    1	   66	   61
    30 6.347297E-05 2.180088E-05 3.497500E-06   2	    0	   37	    0	    1	   64	   62
    31 6.270771E-05 4.067871E-05 3.375000E-06   3	    0	    3	   39	    0	    1	   69	   58	   72
    32 6.262533E-05 1.512637E-05 5.002500E-06   2	    0	    1	    0	    1	   67	   57
    33 6.050250E-05 6.308564E-05 4.125000E-06   2	    6	   29	    0	    0	   54	   61
    34 3.762413E-05 6.312827E-05 5.002500E-06   1	   14	    0	    0	   37
    35 9.747500E-06 6.317042E-05 4.125000E-06   1	    5	    0	    0	   13
    36 1.575250E-05 6.200250E-05 4.125000E-06   2	    5	   41	    0	    0	   20	   22
    37 6.349750E-05 2.632401E-05 5.002500E-06   4	    0	    4	   30	   39	    0	    1	   68	   56	   62	   71
    38 3.775250E-05 5.437488E-05 3.247500E-06   2	    6	   23	    0	    0	   41	   35
    39 6.237484E-05 3.499750E-05 5.002500E-06   3	    0	   31	   37	    0	    1	   70	   72	   71
    40 2.648603E-07 1.161657E-05 3.247500E-06   2	   -1	   11	    1	    0	    6	    8
    41 2.287500E-05 5.974750E-05 2.997500E-06   2	   14	   36	    0	    0	   26	   22
