    70  6.400000E-05  6.400000E-05  8.250000E-06
     1 1.412495E-05 4.113937E-05 4.125000E-06   7	   17	   32	   33	   40	   52	   61	   64	    0	    0	   13	   31	   29	   32	   24	   40	   17
     2 2.917718E-05 5.660646E-05 4.502500E-06   5	   20	   29	   41	   42	   55	    0	    0	   65	   54	   48	   45	   49
     3 1.250000E-07 5.962500E-05 3.747500E-06   3	   -1	   46	   59	    1	    0	    5	   10	   14
     4 5.145986E-05 1.089377E-05 4.625000E-06   6	   18	   30	   43	   44	   48	   63	    0	    0	   90	   81	   77	   78	   85	   74
     5 2.400250E-05 2.062505E-05 4.125000E-06   5	    7	   11	   27	   47	   70	    0	    0	   50	   38	   52	   44	   42
     6 3.512500E-05 3.862512E-05 4.502500E-06   5	   20	   27	   53	   56	   62	    0	    0	   64	   57	  102	   68	   51
     7 3.349750E-05 1.711364E-05 4.502500E-06   6	    5	    9	   14	   36	   37	   67	    0	    0	   50	   62	   53	   59	   60	   61
     8 6.387500E-05 4.210332E-05 3.747500E-06   2	    0	   16	    0	    1	   99	   86
     9 4.560194E-05 2.035065E-05 3.497500E-06   1	    7	    0	    0	   62
    10 1.250000E-07 2.535959E-05 4.502500E-06   4	   -1	   26	   38	   39	    1	    0	    2	    7	    8	    9
    11 1.379751E-05 8.247500E-06 3.747336E-06   4	    5	   24	   28	   66	    0	    0	   38	   23	   21	   34
    12 6.387500E-05 5.037500E-05 3.497500E-06   2	    0	   23	    0	    1	  100	   95
    13 5.464894E-07 2.624833E-06 3.747500E-06   2	   -1	   28	    1	    0	    1	   11
    14 2.787580E-05 7.625286E-06 3.625000E-06   3	    7	   57	   66	    0	    0	   53	   56	   46
    15 6.372667E-05 2.957743E-05 4.507192E-06   2	    0	   65	    0	    1	   98	   91
    16 5.061770E-05 3.610173E-05 5.002500E-06   6	    8	   20	   31	   50	   51	   56	    0	    0	   86	   79	   82	   76	   84	   73
    17 1.250000E-07 4.110799E-05 3.497500E-06   2	   -1	    1	    1	    0	    3	   13
    18 6.387500E-05 5.375000E-06 3.625000E-06   2	    0	    4	    0	    1	   96	   90
    19 6.315629E-05 1.878897E-05 3.625000E-06   3	    0	   45	   48	    0	    1	   97	   92	   93
    20 4.607018E-05 4.088527E-05 3.497500E-06   4	    2	    6	   16	   25	    0	    0	   65	   64	   79	   80
    21 1.250000E-07 5.150250E-05 3.497500E-06   2	   -1	   64	    1	    0	    4	    6
    22 6.236087E-05 6.112482E-05 3.497500E-06   2	    0	   23	    0	    1	  101	   94
    23 6.112500E-05 5.562500E-05 3.247500E-06   3	   12	   22	   25	    0	    0	   95	   94	   88
    24 9.375043E-06 1.685667E-05 5.002500E-06   2	   11	   26	    0	    0	   23	   20
    25 5.374750E-05 4.875250E-05 4.875000E-06   2	   20	   23	    0	    0	   80	   88
    26 4.997500E-06 2.341482E-05 4.125000E-06   3	   10	   24	   68	    0	    0	    7	   20	   25
    27 3.187494E-05 3.112533E-05 5.002500E-06   2	    5	    6	    0	    0	   52	   57
    28 6.997500E-06 7.566413E-06 5.002500E-06   2	   11	   13	    0	    0	   21	   11
    29 3.012494E-05 5.000250E-05 5.002500E-06   2	    2	   53	    0	    0	   54	   55
    30 5.037495E-05 1.950250E-05 5.002500E-06   2	    4	   31	    0	    0	   81	   83
    31 5.187495E-05 2.474750E-05 5.002500E-06   2	   16	   30	    0	    0	   82	   83
    32 1.687525E-05 3.224750E-05 2.997500E-06   2	    1	   47	    0	    0	   31	   39
    33 1.437427E-05 4.700250E-05 2.997500E-06   3	    1	   34	   35	    0	    0	   29	   26	   27
    34 8.497500E-06 5.037526E-05 5.125000E-06   3	   33	   35	   46	    0	    0	   26	   22	   18
    35 8.497500E-06 5.037526E-05 3.125000E-06   3	   33	   34	   46	    0	    0	   27	   22	   19
    36 4.099750E-05 2.200250E-05 3.125000E-06   3	    7	   37	   49	    0	    0	   59	   63	   67
    37 4.099750E-05 2.200250E-05 5.125000E-06   3	    7	   36	   49	    0	    0	   60	   63	   69
    38 4.497500E-06 3.000250E-05 5.125000E-06   3	   10	   39	   52	    0	    0	    8	   12	   16
    39 4.497500E-06 3.000250E-05 3.125000E-06   3	   10	   38	   52	    0	    0	    9	   12	   15
    40 1.825250E-05 4.549750E-05 5.125000E-06   2	    1	   54	    0	    0	   32	   35
    41 2.000250E-05 5.930717E-05 3.125000E-06   3	    2	   42	   58	    0	    0	   48	   41	   37
    42 2.000250E-05 5.930717E-05 5.125000E-06   3	    2	   41	   58	    0	    0	   45	   41	   33
    43 4.700250E-05 1.380717E-05 3.125000E-06   3	    4	   44	   67	    0	    0	   77	   75	   71
    44 4.700250E-05 1.380717E-05 5.125000E-06   3	    4	   43	   67	    0	    0	   78	   75	   70
    45 5.924750E-05 1.505658E-05 3.125000E-06   2	   19	   48	    0	    0	   92	   89
    46 5.997500E-06 5.274750E-05 3.625000E-06   3	    3	   34	   35	    0	    0	   10	   18	   19
    47 2.024750E-05 2.699750E-05 4.625000E-06   2	    5	   32	    0	    0	   44	   39
    48 5.824750E-05 1.430658E-05 5.125000E-06   3	    4	   19	   45	    0	    0	   85	   93	   89
    49 4.374750E-05 2.450250E-05 2.997500E-06   3	   36	   37	   50	    0	    0	   67	   69	   72
    50 4.755697E-05 3.124750E-05 2.997500E-06   2	   16	   49	    0	    0	   76	   72
    51 5.474750E-05 3.224750E-05 2.997500E-06   2	   16	   65	    0	    0	   84	   87
    52 7.306825E-06 3.424750E-05 2.997500E-06   3	    1	   38	   39	    0	    0	   24	   16	   15
    53 3.174750E-05 4.399750E-05 2.997500E-06   2	    6	   29	    0	    0	  102	   55
    54 1.925250E-05 4.649750E-05 2.997500E-06   2	   40	   55	    0	    0	   35	   43
    55 2.249750E-05 5.050250E-05 2.997500E-06   2	    2	   54	    0	    0	   49	   43
    56 4.512500E-05 3.524750E-05 5.125000E-06   2	    6	   16	    0	    0	   68	   73
    57 3.374750E-05 4.997500E-06 3.625000E-06   2	   14	   60	    0	    0	   56	   58
    58 1.612500E-05 5.974750E-05 2.997500E-06   3	   41	   42	   59	    0	    0	   37	   33	   28
    59 7.625000E-06 5.974750E-05 2.997500E-06   2	    3	   58	    0	    0	   14	   28
    60 3.962500E-05 5.247500E-06 2.997500E-06   2	   57	   63	    0	    0	   58	   66
    61 2.199750E-05 4.024750E-05 2.997500E-06   2	    1	   62	    0	    0	   40	   47
    62 2.624750E-05 3.949750E-05 3.625000E-06   2	    6	   61	    0	    0	   51	   47
    63 4.574750E-05 6.592350E-06 2.997500E-06   2	    4	   60	    0	    0	   74	   66
    64 3.497500E-06 4.799750E-05 2.997500E-06   2	    1	   21	    0	    0	   17	    6
    65 5.824750E-05 3.024750E-05 4.625000E-06   2	   15	   51	    0	    0	   91	   87
    66 1.962500E-05 7.247500E-06 2.997500E-06   2	   11	   14	    0	    0	   34	   46
    67 4.224750E-05 1.515766E-05 2.997500E-06   3	    7	   43	   44	    0	    0	   61	   71	   70
    68 1.337500E-05 2.200250E-05 2.997500E-06   2	   26	   69	    0	    0	   25	   30
    69 1.587500E-05 2.200250E-05 2.997500E-06   2	   68	   70	    0	    0	   30	   36
    70 1.887500E-05 2.224750E-05 2.997500E-06   2	    5	   69	    0	    0	   42	   36
